fpca/fpca1985.txt 0.400000 0.211900 0.201400
fpca/fpca1987.txt 0.650900 0.168000 0.167800
fpca/fpca1989.txt 0.769200 0.182100 0.180700
fpca/fpca1991.txt 1.000000 0.074500 0.000000
asplos/asplos1987.txt 0.606100 0.119000 0.119900
asplos/asplos1989.txt 0.551200 0.128800 0.128500
asplos/asplos1991.txt 0.748100 0.129600 0.130700
popl/popl1987.txt 0.432600 0.138000 0.133900
popl/popl1988.txt 0.454000 0.141600 0.138000
popl/popl1989.txt 0.330700 0.135900 0.129500
popl/popl1990.txt 0.474200 0.153500 0.150300
popl/popl1991.txt 0.497400 0.134400 0.131500
popl/popl1992.txt 0.359500 0.147100 0.140300
lfp/lfp1984.txt 0.701400 0.152700 0.153200
lfp/lfp1986.txt 0.762400 0.133300 0.136000
lfp/lfp1988.txt 0.655500 0.153700 0.153000
lfp/lfp1990.txt 0.700000 0.174800 0.172200
pldi/pldi1987.txt 0.742400 0.144700 0.145900
pldi/pldi1988.txt 0.684700 0.139700 0.139800
pldi/pldi1989.txt 0.548200 0.117200 0.116800
pldi/pldi1990.txt 0.686300 0.144200 0.144600
pldi/pldi1991.txt 0.641500 0.131900 0.132800
pldi/pldi1992.txt 0.607200 0.128800 0.128500
ppopp/ppopp1988.txt 0.648500 0.134200 0.136200
ppopp/ppopp1990.txt 0.656700 0.146100 0.146500
ppopp/ppopp1991.txt 0.627600 0.143700 0.143800
pepm/pepm1991.txt 0.714300 0.190300 0.188000
oopsla/oopsla1987.txt 0.713900 0.133900 0.135700
oopsla/oopsla1988.txt 1.000000 0.037600 0.000000
oopsla/oopsla1989.txt 0.774800 0.103800 0.106300
oopsla/oopsla1990.txt 0.654000 0.162800 0.160600
oopsla/oopsla1991.txt 0.441700 0.174900 0.167900
focs/focs1987.txt 0.164200 0.078100 0.072000
focs/focs1988.txt 0.000000 0.000000 0.013900
focs/focs1989.txt 0.025400 0.025400 0.025100
focs/focs1990.txt 0.184500 0.056300 0.053700
focs/focs1991.txt 0.195700 0.063000 0.060000
stoc/stoc1987.txt 0.000000 0.000000 0.017700
stoc/stoc1988.txt 0.104900 0.062000 0.054900
stoc/stoc1989.txt 0.035900 0.035900 0.034900
stoc/stoc1990.txt 0.033500 0.033500 0.032600
stoc/stoc1991.txt 0.069100 0.057600 0.045200
