ecoop/ecoop2020.txt 0.910400 0.070200 0.075700
ecoop/ecoop2021.txt 0.834600 0.090400 0.096100
ecoop/ecoop2022.txt 0.800600 0.076300 0.079500
icfp/icfp2020.txt 0.880500 0.075600 0.079700
icfp/icfp2021.txt 0.861700 0.070700 0.075700
icfp/icfp2022.txt 0.750000 0.093600 0.095800
oopsla/oopsla2020.txt 0.911900 0.033800 0.035600
oopsla/oopsla2021.txt 0.857200 0.047800 0.049800
oopsla/oopsla2022.txt 0.911100 0.038700 0.040800
pldi/pldi2020.txt 0.885300 0.043600 0.045400
pldi/pldi2021.txt 0.919600 0.035300 0.037400
pldi/pldi2022.txt 0.902600 0.049700 0.051800
popl/popl2020.txt 0.783200 0.064000 0.065600
popl/popl2021.txt 0.548300 0.071500 0.071500
popl/popl2022.txt 0.724400 0.068400 0.069700
