fpca/fpca1985.txt 0.400000 0.211900 0.201400
fpca/fpca1987.txt 0.556600 0.175600 0.172500
fpca/fpca1989.txt 0.615400 0.208300 0.203400
fpca/fpca1991.txt 1.000000 0.074500 0.064700
asplos/asplos1987.txt 0.606100 0.119000 0.119900
asplos/asplos1989.txt 0.551200 0.128800 0.128500
asplos/asplos1991.txt 0.748100 0.129600 0.130700
popl/popl1987.txt 0.432600 0.138000 0.133900
popl/popl1988.txt 0.386100 0.138900 0.133600
popl/popl1989.txt 0.330700 0.135900 0.129500
popl/popl1990.txt 0.474200 0.153500 0.150300
popl/popl1991.txt 0.441000 0.132700 0.128900
popl/popl1992.txt 0.274700 0.139500 0.129500
lfp/lfp1984.txt 0.701400 0.152700 0.153200
lfp/lfp1986.txt 0.706900 0.143000 0.144300
lfp/lfp1988.txt 0.655500 0.153700 0.153000
lfp/lfp1990.txt 0.600000 0.182900 0.178100
pldi/pldi1987.txt 0.742400 0.144700 0.145900
pldi/pldi1988.txt 0.684700 0.139700 0.139800
pldi/pldi1989.txt 0.548200 0.117200 0.116800
pldi/pldi1990.txt 0.686300 0.144200 0.144600
pldi/pldi1991.txt 0.641500 0.131900 0.132800
pldi/pldi1992.txt 0.607200 0.128800 0.128500
