popl1973.txt 0.337400 0.196400 0.182400
popl1975.txt 0.165400 0.165400 0.138300
popl1976.txt 0.000000 0.000000 0.058100
popl1977.txt 0.274100 0.170600 0.155200
popl1978.txt 0.105100 0.105100 0.094600
popl1979.txt 0.683800 0.177400 0.176000
popl1980.txt 0.246300 0.155000 0.140500
popl1981.txt 0.305500 0.172400 0.161500
popl1982.txt 0.495700 0.150300 0.147000
popl1983.txt 0.128300 0.128300 0.111900
popl1984.txt 0.570100 0.179700 0.176400
popl1985.txt 0.345100 0.127300 0.122000
popl1986.txt 0.523700 0.147800 0.144800
popl1987.txt 0.432600 0.138000 0.133900
popl1988.txt 0.454000 0.141600 0.138000
popl1989.txt 0.330700 0.135900 0.129500
popl1990.txt 0.474200 0.153500 0.150300
popl1991.txt 0.497400 0.134400 0.131500
popl1992.txt 0.359500 0.147100 0.140300
popl1993.txt 0.645600 0.124200 0.124200
popl1994.txt 0.710600 0.125400 0.126700
popl1995.txt 0.529800 0.124900 0.123700
popl1996.txt 0.487000 0.130000 0.127400
popl1997.txt 0.707200 0.162000 0.160900
popl1998.txt 0.617900 0.133600 0.133100
popl1999.txt 0.838000 0.118000 0.123900
popl2000.txt 0.610100 0.134800 0.133800
popl2001.txt 0.720000 0.174400 0.173900
popl2002.txt 0.644200 0.127700 0.127900
popl2003.txt 0.546600 0.133600 0.132500
popl2004.txt 0.608100 0.135500 0.135200
popl2005.txt 0.492100 0.113400 0.112000
popl2006.txt 0.596200 0.120800 0.120700
popl2007.txt 0.744500 0.095000 0.097800
popl2008.txt 0.582700 0.103900 0.104300
popl2009.txt 0.514200 0.110500 0.109500
popl2010.txt 0.665700 0.099300 0.100300
popl2011.txt 0.634100 0.088400 0.089000
popl2012.txt 0.760500 0.086800 0.088600
popl2013.txt 0.687100 0.093200 0.094300
popl2014.txt 0.537400 0.081200 0.080900
popl2015.txt 0.624400 0.083700 0.084300
popl2016.txt 0.655000 0.075500 0.076200
popl2017.txt 0.695400 0.072000 0.072900
popl2018.txt 0.635900 0.069600 0.070000
popl2019.txt 0.717900 0.060200 0.061200
popl2020.txt 0.783200 0.064000 0.065600
popl2021.txt 0.548300 0.071500 0.071500
popl2022.txt 0.724400 0.068400 0.069700
